17 14 
16 20 
16 20 
16 20 
16 20 
8 12 
16 20 
16 20 
0 7 
16 20 
16 20 
8 12 
16 20 
8 12 
16 20 
16 24 
16 20 
16 20 
16 20 
16 20 
16 20 
16 20 
8 12 
16 20 
8 15 
16 24 
8 12 
16 20 
16 20 
16 20 
16 20 
16 20 
16 20 
0 4 
16 20 
16 20 
0 4 
8 12 
16 20 
8 15 
8 12 
16 24 
16 20 
8 12 
16 20 
16 20 
0 4 
16 20 
16 20 
0 4 
8 12 
16 20 
0 4 
16 20 
0 4 
16 20 
0 4 
16 20 
16 20 
16 20 
8 15 
8 12 
8 12 
16 20 
16 20 
16 20 
16 20 
8 12 
8 16 
8 12 
16 20 
16 20 
16 20 
8 12 
8 15 
8 12 
16 20 
16 20 
0 4 
16 20 
16 20 
16 24 
8 12 
16 20 
8 12 
8 12 
8 12 
8 15 
16 24 
0 4 
16 20 
16 20 
16 20 
8 12 
16 20 
8 12 
8 12 
16 20 
16 20 
16 20 
8 12 
8 12 
8 12 
0 4 
0 4 
8 15 
16 20 
16 20 
16 20 
8 12 
16 24 
0 4 
16 20 
0 4 
16 20 
16 20 
0 4 
8 12 
16 20 
16 20 
16 20 
16 20 
16 20 
16 20 
16 20 
8 12 
8 12 
16 20 
8 12 
8 12 
16 20 
16 20 
16 20 
16 23 
8 12 
0 4 
16 24 
8 12 
8 12 
16 20 
16 20 
16 20 
16 20 
16 20 
0 4 
8 12 
8 12 
16 24 
16 20 
16 20 
8 12 
16 20 
16 20 
16 23 
0 7 
16 20 
8 12 
8 12 
16 20 
16 20 
16 20 
16 20 
16 20 
8 12 
8 12 
16 20 
8 16 
16 20 
16 20 
16 20 
16 20 
8 12 
16 20 
0 8 
0 4 
16 20 
16 20 
16 20 
16 20 
0 4 
8 12 
8 12 
0 4 
16 20 
8 12 
16 23 
8 12 
16 20 
0 8 
16 20 
16 20 
16 20 
8 12 
8 12 
16 20 
16 20 
16 20 
16 20 
16 20 
8 15 
16 20 
16 20 
8 12 
16 20 
8 12 
16 20 
16 24 
8 12 
16 20 
8 12 
16 20 
16 20 
16 20 
16 20 
16 20 
8 12 
8 12 
0 7 
16 20 
16 20 
8 12 
16 20 
8 12 
8 12 
8 12 
16 23 
16 20 
8 12 
16 20 
16 20 
16 20 
16 20 
8 12 
16 20 
8 12 
16 24 
0 4 
8 12 
8 12 
