18 14 
16 20 
8 16 
16 24 
8 12 
16 20 
8 16 
16 20 
16 20 
16 21 
16 20 
16 20 
16 20 
16 24 
16 24 
16 24 
16 24 
16 20 
0 4 
16 21 
16 24 
16 20 
16 24 
8 12 
8 16 
16 20 
0 8 
16 20 
16 20 
16 20 
16 20 
16 24 
8 12 
16 24 
16 20 
16 24 
16 20 
8 12 
16 24 
16 20 
16 20 
8 12 
16 24 
16 24 
16 20 
16 21 
16 20 
16 20 
8 16 
16 20 
16 24 
16 24 
0 4 
16 24 
16 20 
16 24 
8 12 
16 24 
8 16 
16 24 
16 20 
8 16 
0 8 
16 20 
16 20 
8 12 
8 12 
16 21 
16 20 
16 20 
16 24 
16 20 
16 20 
16 20 
16 20 
16 20 
8 16 
8 12 
16 20 
8 16 
8 16 
16 24 
16 20 
16 21 
8 12 
16 20 
16 20 
16 20 
0 8 
16 24 
16 24 
8 15 
16 20 
16 24 
16 20 
16 22 
16 20 
0 4 
16 20 
16 24 
8 16 
16 20 
8 16 
16 20 
8 16 
16 20 
8 12 
16 20 
16 24 
16 24 
16 20 
8 12 
8 12 
0 8 
16 20 
16 20 
16 20 
16 22 
16 24 
16 24 
16 24 
16 23 
8 12 
16 20 
16 20 
8 12 
8 16 
8 16 
16 20 
16 24 
16 24 
16 20 
8 12 
8 16 
16 20 
16 21 
8 12 
16 20 
0 4 
16 20 
8 16 
16 24 
16 20 
16 20 
16 24 
0 4 
16 21 
8 12 
8 12 
16 20 
16 20 
16 20 
16 20 
8 16 
16 24 
8 16 
16 20 
16 24 
8 12 
16 24 
16 20 
16 24 
16 24 
16 24 
8 12 
8 16 
16 20 
8 16 
8 16 
16 20 
16 20 
16 24 
16 20 
16 20 
16 20 
8 16 
16 20 
16 24 
0 4 
16 21 
16 20 
16 21 
16 24 
8 16 
0 8 
8 16 
16 24 
8 12 
16 20 
16 20 
16 20 
16 20 
16 20 
16 24 
8 12 
16 20 
16 20 
8 12 
16 24 
16 20 
8 12 
16 20 
16 24 
8 16 
16 24 
8 12 
16 24 
8 12 
16 20 
16 24 
16 20 
16 20 
16 24 
0 4 
16 24 
8 13 
16 20 
16 20 
0 8 
8 12 
8 12 
16 20 
16 20 
16 24 
16 24 
16 20 
8 16 
16 24 
16 20 
16 20 
8 16 
8 12 
16 24 
16 21 
16 20 
0 4 
8 15 
16 20 
16 20 
16 20 
16 20 
16 24 
8 16 
16 23 
8 15 
16 20 
8 16 
16 20 
16 20 
8 12 
16 24 
16 24 
16 20 
