14 7 
16 20 
8 16 
0 4 
8 12 
8 12 
16 20 
16 20 
16 20 
16 20 
16 20 
16 20 
16 20 
16 20 
16 20 
8 12 
16 20 
16 20 
8 12 
0 8 
16 20 
16 20 
16 20 
16 20 
16 20 
8 12 
16 20 
16 20 
16 20 
8 12 
16 20 
16 20 
16 20 
8 12 
8 12 
16 20 
16 20 
16 20 
16 24 
16 20 
16 20 
16 20 
0 4 
8 12 
16 24 
16 20 
16 20 
8 12 
0 4 
8 12 
16 20 
16 20 
16 20 
8 12 
16 20 
16 20 
8 12 
0 8 
16 20 
8 12 
8 12 
16 20 
16 20 
16 20 
16 20 
16 20 
8 12 
8 12 
8 12 
16 20 
16 20 
8 12 
16 20 
8 12 
16 20 
16 20 
16 20 
16 20 
16 20 
0 4 
8 12 
16 20 
16 20 
8 12 
8 16 
16 20 
16 20 
16 20 
16 20 
16 20 
8 12 
0 8 
16 20 
8 12 
8 12 
8 12 
16 20 
8 12 
16 20 
