20 7 
16 24 
16 20 
16 24 
16 20 
16 20 
16 22 
16 20 
16 20 
16 24 
0 4 
8 12 
16 24 
16 20 
8 16 
16 20 
16 20 
16 20 
16 24 
8 16 
16 20 
16 20 
16 20 
16 20 
16 20 
16 24 
16 20 
8 16 
16 20 
16 24 
16 20 
8 16 
16 24 
16 20 
16 22 
16 24 
16 20 
8 12 
16 20 
16 24 
0 4 
16 20 
16 24 
16 24 
0 4 
16 24 
16 20 
16 20 
8 12 
16 24 
16 24 
16 24 
16 20 
16 20 
16 20 
16 20 
16 20 
16 20 
8 12 
16 24 
8 14 
8 16 
16 22 
16 20 
8 12 
0 8 
16 24 
16 24 
16 20 
16 20 
16 20 
16 20 
16 20 
16 20 
8 16 
8 12 
16 24 
8 16 
16 20 
16 20 
16 20 
16 24 
16 24 
16 20 
16 20 
16 20 
8 12 
8 14 
16 24 
8 12 
16 20 
16 24 
8 12 
16 24 
16 20 
16 20 
16 24 
0 4 
16 20 
8 12 
16 24 
16 20 
16 20 
8 16 
16 20 
16 20 
16 24 
16 20 
16 24 
8 12 
16 24 
8 12 
16 20 
16 20 
16 20 
0 8 
16 24 
16 24 
16 20 
8 12 
8 14 
8 12 
16 20 
16 20 
16 24 
16 20 
8 12 
8 12 
16 22 
0 4 
16 24 
16 20 
16 24 
16 24 
8 12 
8 12 
16 20 
16 24 
16 24 
16 20 
16 24 
